# already analysed TikTok ids (do not re-download). Named files had no id: brazil_true_size, darien_gap, tibet_planes, two_irelands, walk_27_years
7324128828576615722
7324497269737213227
7324870056628735278
7325609658083839275
7325979581410839851
7326731252847971627
7328576637308554526
7329313752585620766
7330805971826068766
7331451342289915166
7332661737214299423
7333426468506144031
7335257968054635807
7337484006713249054
7341566223953530143
7341879401270807838
7342228533487373599
7342581104576040222
7347734346138127646
7352916702163750175
7353288315639975198
7353658998328970526
7364055627875798315
7364183543263563050
7364427651110554923
7364550091492920618
7367767407999356203
7370365756619443499
7375558873379343658
7375689459142004010
7375931778223050027
7376065158529060142
7376302694098619691
7386682107612990750
7386814989165710622
7387069710287768863
7387435213833391391
7388549146937920799
7393740568561454367
7398194169216339231
7398316822996520223
7398565710328319262
7398938400830655775
7409699193884773662
7409828624498461983
7410072013336825119
7410442059833724190
7414523101985246494
7417121967603469599
7420839398729682207
7422316905492434207
7423977310786686238
7424912599877307678
7427511637826997534
7431574347732602143
7432333347008875806
7432705865951513886
7436429463157624094
7443479924142394655
7443857310545415454
7444226552302292255
7447189681831218462
7448678399935073566
7454220630012087583
7454917099509533983
7456092325949754654
7457576575064657183
7458690334097263903
7466483103595351327
7466854263134670123
7469080978829430047
7471678341045619998
7474281336501587231
7476873417841511710
7477244366042533150
7478728706786086174
7480939676635876639
7484651456360942878
7486508258493173022
7489106396621851934
7489845304410279199
7492443502656146718
7495041829235199263
7500236458012282143
7502833285286923550
7504689110515305758
7506544593106701598
7508400826205998367
7512481245016739102
7513226451148147998
7515201184794250526
7517678187866869022
7518049037673680158
7522874696916880671
7523244036027665694
7523615258171165982
7528067438013975838
7530646148239969566
7533633287093341470
7536602591623531806
7538460349981314334
7541799754250980639
7544395484509523231
7546251884005215518
7546992832771362078
7549590225702358303
7555159322339167518
7557755159053438239
7560354271074569503
7564434534557666591
7566289561148591391
7568160262667160862
7570758948056239390
7573374206541384990
7577808834714930463
7581149154727005471
7583746660308651295
7585603063558180127
7588941050496961822
7594137419159440671
7595992785535175966
7600209581742034207
7601928816008727839
7604533561462459679
7607120545062096159
7609348954303532318
7611205651569577247
7616384846293781791
7617126662018239774
7618981473118326046
7621951842116734239
7629372771931475231
7630115324548910366
7633454267008814367
7633825298294770975
7640505196350672158
7643473530084003103
7644215002735430943
7644958275741502750
7647556984543202591
7650153757673639199
7655347785687977246
7656468123394034975
7660543599888649502
7665738589648489759
7666481377168198943
7667594667218750751
7673533509562076446
7675758065978723615
7677242740119260447
7677614086154194206
7681325264659369247
7684663480225418526
7687634225369009439
7690606532748168479
